V1=120;
%V1=460;
%V1=2300;
%V1=2300;
v_max = sqrt(2)*V1;

%w=0;
w=2*pi*60;

wb=2*pi*60;
f=60;
xls = 0.00694*w;
xlr = xls;
xm = 0.00163*w;
rs = 3.35;
rr = 1.99;
J = 0.1;
P = 4;
% PAR = [xls xm xlr rs rr J P];
% REF = [w wb];

XINIT=[0 0 0 0 0];
REF = [w wb];

% PAR=[0.00694 0.164 0.00694 3.35 1.99 0.1 4];
PAR = [0.302 13.08 0.302 0.087 0.228 1.662 4];
% PAR=[1.206 54.02 1.206 0.262 0.187 11.06 4];
% PAR=[0.226 13.04 0.226 0.029 0.022 63.87 4];

%PAR=[6.49*0.0775 6.49*2.042 6.49*0.0322 6.49*.0453 6.49*.0222 0.4744 6];
